0.000000 1.000000
-0.951057 0.309017
-0.587785 -0.809017
0.587785 -0.809017
0.951057 0.309017
-0.005878 0.986648
-0.940179 0.299295
-0.575185 -0.801651
0.584619 -0.794871
0.936626 0.310363
-0.011598 0.973369
-0.929323 0.289744
-0.562753 -0.794253
0.581370 -0.780875
0.922314 0.311585
-0.017163 0.960165
-0.918490 0.280363
-0.550491 -0.786824
0.578040 -0.767029
0.908119 0.312683
-0.022574 0.947035
-0.907681 0.271150
-0.538396 -0.779367
0.574632 -0.753333
0.894042 0.313659
-0.027833 0.933981
-0.896898 0.262104
-0.526468 -0.771882
0.571146 -0.739786
0.880083 0.314516
-0.032941 0.921003
-0.886140 0.253224
-0.514704 -0.764371
0.567585 -0.726387
0.866242 0.315255
-0.037900 0.908101
-0.875409 0.244509
-0.503106 -0.756835
0.563950 -0.713136
0.852518 0.315877
-0.042712 0.895276
-0.864706 0.235956
-0.491670 -0.749275
0.560242 -0.700031
0.838912 0.316384
-0.047378 0.882527
-0.854032 0.227564
-0.480397 -0.741694
0.556463 -0.687073
0.825423 0.316779
-0.051900 0.869857
-0.843387 0.219333
-0.469285 -0.734091
0.552615 -0.674261
0.812052 0.317062
-0.056280 0.857264
-0.832772 0.211259
-0.458333 -0.726468
0.548699 -0.661593
0.798797 0.317235
-0.060519 0.844749
-0.822189 0.203344
-0.447540 -0.718827
0.544717 -0.649070
0.785660 0.317300
-0.064618 0.832313
-0.811638 0.195584
-0.436904 -0.711168
0.540671 -0.636691
0.772639 0.317259
-0.068581 0.819957
-0.801120 0.187978
-0.426426 -0.703494
0.536560 -0.624455
0.759734 0.317113
-0.072407 0.807679
-0.790636 0.180525
-0.416104 -0.695804
0.532389 -0.612362
0.746947 0.316864
-0.076098 0.795481
-0.780186 0.173225
-0.405936 -0.688101
0.528156 -0.600410
0.734275 0.316514
-0.079657 0.783364
-0.769771 0.166074
-0.395922 -0.680386
0.523865 -0.588599
0.721720 0.316063
-0.083084 0.771326
-0.759393 0.159073
-0.386061 -0.672659
0.519517 -0.576929
0.709280 0.315514
-0.086382 0.759369
-0.749051 0.152219
-0.376351 -0.664921
0.515112 -0.565398
0.696956 0.314868
-0.089551 0.747493
-0.738747 0.145511
-0.366792 -0.657175
0.510653 -0.554007
0.684748 0.314127
-0.092593 0.735699
-0.728481 0.138948
-0.357382 -0.649421
0.506140 -0.542753
0.672654 0.313291
-0.095510 0.723986
-0.718255 0.132529
-0.348121 -0.641659
0.501576 -0.531638
0.660676 0.312364
-0.098304 0.712354
-0.708068 0.126253
-0.339007 -0.633892
0.496961 -0.520659
0.648812 0.311346
-0.100975 0.700805
-0.697921 0.120117
-0.330039 -0.626120
0.492297 -0.509817
0.637063 0.310238
-0.103526 0.689337
-0.687815 0.114121
-0.321216 -0.618345
0.487586 -0.499110
0.625429 0.309043
-0.105957 0.677952
-0.677751 0.108263
-0.312538 -0.610567
0.482827 -0.488538
0.613908 0.307761
-0.108270 0.666650
-0.667730 0.102542
-0.304003 -0.602787
0.478024 -0.478101
0.602501 0.306395
-0.110467 0.655431
-0.657751 0.096957
-0.295610 -0.595006
0.473176 -0.467797
0.591207 0.304945
-0.112550 0.644294
-0.647816 0.091507
-0.287359 -0.587225
0.468286 -0.457625
0.580027 0.303413
-0.114518 0.633241
-0.637925 0.086190
-0.279247 -0.579446
0.463355 -0.447586
0.568959 0.301801
-0.116375 0.622271
-0.628079 0.081005
-0.271274 -0.571669
0.458383 -0.437677
0.558004 0.300110
-0.118121 0.611385
-0.618278 0.075950
-0.263440 -0.563896
0.453373 -0.427900
0.547161 0.298340
-0.119758 0.600583
-0.608523 0.071025
-0.255742 -0.556126
0.448324 -0.418252
0.536431 0.296495
-0.121287 0.589864
-0.598815 0.066228
-0.248180 -0.548362
0.443240 -0.408734
0.525812 0.294574
-0.122710 0.579229
-0.589154 0.061558
-0.240754 -0.540603
0.438120 -0.399343
0.515304 0.292580
-0.124028 0.568679
-0.579540 0.057013
-0.233461 -0.532851
0.432965 -0.390081
0.504907 0.290514
-0.125242 0.558212
-0.569974 0.052593
-0.226301 -0.525107
0.427778 -0.380945
0.494621 0.288376
-0.126354 0.547830
-0.560457 0.048296
-0.219272 -0.517372
0.422559 -0.371936
0.484445 0.286170
-0.127365 0.537532
-0.550989 0.044122
-0.212375 -0.509646
0.417310 -0.363052
0.474380 0.283895
-0.128276 0.527319
-0.541570 0.040067
-0.205608 -0.501930
0.412031 -0.354293
0.464423 0.281553
-0.129090 0.517191
-0.532202 0.036133
-0.198969 -0.494225
0.406723 -0.345658
0.454577 0.279145
-0.129806 0.507147
-0.522884 0.032317
-0.192458 -0.486532
0.401388 -0.337146
0.444839 0.276673
-0.130427 0.497188
-0.513617 0.028618
-0.186074 -0.478852
0.396027 -0.328757
0.435209 0.274138
-0.130954 0.487313
-0.504401 0.025035
-0.179816 -0.471186
0.390641 -0.320489
0.425688 0.271542
-0.131387 0.477524
-0.495238 0.021567
-0.173683 -0.463533
0.385231 -0.312343
0.416275 0.268884
-0.131729 0.467819
-0.486126 0.018212
-0.167673 -0.455896
0.379797 -0.304317
0.406969 0.266168
-0.131981 0.458200
-0.477067 0.014970
-0.161786 -0.448274
0.374342 -0.296410
0.397770 0.263393
-0.132144 0.448665
-0.468061 0.011839
-0.156022 -0.440669
0.368865 -0.288622
0.388678 0.260562
-0.132219 0.439215
-0.459109 0.008819
-0.150378 -0.433081
0.363369 -0.280952
0.379692 0.257675
-0.132207 0.429850
-0.450211 0.005907
-0.144854 -0.425512
0.357853 -0.273399
0.370812 0.254733
-0.132110 0.420570
-0.441366 0.003103
-0.139449 -0.417960
0.352320 -0.265963
0.362037 0.251738
-0.131929 0.411375
-0.432577 0.000406
-0.134162 -0.410428
0.346769 -0.258643
0.353367 0.248692
-0.131665 0.402265
-0.423842 -0.002185
-0.128991 -0.402916
0.341202 -0.251437
0.344802 0.245594
-0.131320 0.393240
-0.415162 -0.004672
-0.123937 -0.395425
0.335620 -0.244346
0.336341 0.242447
-0.130894 0.384300
-0.406538 -0.007056
-0.118998 -0.387955
0.330024 -0.237369
0.327983 0.239251
-0.130390 0.375444
-0.397970 -0.009337
-0.114173 -0.380507
0.324414 -0.230504
0.319729 0.236007
-0.129807 0.366674
-0.389458 -0.011517
-0.109462 -0.373082
0.318793 -0.223751
0.311578 0.232718
-0.129148 0.357988
-0.381003 -0.013597
-0.104862 -0.365679
0.313159 -0.217109
0.303530 0.229383
-0.128413 0.349387
-0.372604 -0.015578
-0.100374 -0.358301
0.307515 -0.210578
0.295583 0.226004
-0.127603 0.340871
-0.364263 -0.017461
-0.095996 -0.350947
0.301861 -0.204157
0.287738 0.222582
-0.126721 0.332439
-0.355979 -0.019247
-0.091728 -0.343618
0.296198 -0.197844
0.279993 0.219118
-0.125766 0.324092
-0.347752 -0.020938
-0.087567 -0.336314
0.290528 -0.191640
0.272350 0.215614
-0.124740 0.315829
-0.339583 -0.022533
-0.083515 -0.329037
0.284850 -0.185543
0.264806 0.212069
-0.123645 0.307650
-0.331473 -0.024035
-0.079569 -0.321786
0.279165 -0.179553
0.257362 0.208486
-0.122481 0.299556
-0.323421 -0.025445
-0.075729 -0.314563
0.273475 -0.173668
0.250018 0.204865
-0.121250 0.291546
-0.315428 -0.026762
-0.071994 -0.307367
0.267780 -0.167889
0.242772 0.201208
-0.119952 0.283620
-0.307493 -0.027990
-0.068362 -0.300200
0.262081 -0.162214
0.235624 0.197515
-0.118589 0.275778
-0.299618 -0.029127
-0.064834 -0.293061
0.256379 -0.156643
0.228574 0.193787
-0.117162 0.268020
-0.291801 -0.030176
-0.061408 -0.285951
0.250674 -0.151175
0.221622 0.190026
-0.115672 0.260345
-0.284044 -0.031137
-0.058082 -0.278872
0.244968 -0.145809
0.214766 0.186232
-0.114119 0.252754
-0.276347 -0.032012
-0.054858 -0.271822
0.239260 -0.140544
0.208006 0.182406
-0.112506 0.245246
-0.268710 -0.032801
-0.051732 -0.264803
0.233552 -0.135379
0.201342 0.178550
-0.110833 0.237822
-0.261133 -0.033506
-0.048706 -0.257815
0.227845 -0.130315
0.194773 0.174663
-0.109102 0.230481
-0.253616 -0.034127
-0.045776 -0.250859
0.222139 -0.125349
0.188299 0.170749
-0.107312 0.223222
-0.246159 -0.034665
-0.042944 -0.243934
0.216434 -0.120482
0.181919 0.166806
-0.105466 0.216047
-0.238762 -0.035121
-0.040208 -0.237042
0.210732 -0.115713
0.175633 0.162836
-0.103564 0.208954
-0.231427 -0.035497
-0.037567 -0.230183
0.205033 -0.111040
0.169440 0.158840
-0.101608 0.201944
-0.224152 -0.035793
-0.035020 -0.223357
0.199337 -0.106463
0.163340 0.154819
-0.099597 0.195016
-0.216937 -0.036010
-0.032566 -0.216565
0.193646 -0.101982
0.157331 0.150774
-0.097535 0.188170
-0.209784 -0.036149
-0.030205 -0.209806
0.187960 -0.097595
0.151415 0.146705
-0.095420 0.181406
-0.202692 -0.036210
-0.027936 -0.203082
0.182279 -0.093301
0.145589 0.142614
-0.093255 0.174724
-0.195661 -0.036196
-0.025758 -0.196392
0.176605 -0.089101
0.139853 0.138501
-0.091041 0.168123
-0.188691 -0.036106
-0.023670 -0.189738
0.170937 -0.084993
0.134207 0.134367
-0.088777 0.161603
-0.181783 -0.035942
-0.021672 -0.183118
0.165276 -0.080976
0.128651 0.130212
-0.086466 0.155165
-0.174936 -0.035705
-0.019762 -0.176534
0.159623 -0.077050
0.123183 0.126039
-0.084108 0.148807
-0.168150 -0.035395
-0.017939 -0.169986
0.153978 -0.073214
0.117803 0.121847
-0.081704 0.142530
-0.161426 -0.035013
-0.016204 -0.163474
0.148342 -0.069468
0.112510 0.117637
-0.079255 0.136334
-0.154764 -0.034560
-0.014555 -0.156999
0.142715 -0.065809
0.107305 0.113409
-0.076762 0.130217
-0.148162 -0.034036
-0.012991 -0.150560
0.137098 -0.062239
0.102185 0.109166
-0.074226 0.124180
-0.141623 -0.033444
-0.011512 -0.144158
0.131490 -0.058755
0.097151 0.104906
-0.071648 0.118223
-0.135144 -0.032783
-0.010117 -0.137793
0.125893 -0.055358
0.092202 0.100631
-0.069028 0.112345
-0.128728 -0.032054
-0.008805 -0.131465
0.120307 -0.052045
0.087337 0.096342
-0.066367 0.106545
-0.122372 -0.031258
-0.007575 -0.125175
0.114732 -0.048818
0.082555 0.092038
-0.063667 0.100825
-0.116078 -0.030396
-0.006428 -0.118922
0.109168 -0.045674
0.077857 0.087721
-0.060928 0.095182
-0.109844 -0.029468
-0.005361 -0.112706
0.103615 -0.042614
0.073240 0.083391
-0.058150 0.089617
-0.103672 -0.028475
-0.004375 -0.106528
0.098075 -0.039636
0.068704 0.079048
-0.055334 0.084130
-0.097560 -0.027418
-0.003468 -0.100388
0.092546 -0.036739
0.064248 0.074693
-0.052482 0.078720
-0.091509 -0.026298
-0.002641 -0.094285
0.087028 -0.033923
0.059872 0.070326
-0.049593 0.073385
-0.085518 -0.025115
-0.001892 -0.088219
0.081523 -0.031187
0.055574 0.065946
-0.046669 0.068127
-0.079587 -0.023869
-0.001222 -0.082190
0.076029 -0.028530
0.051354 0.061554
-0.043709 0.062944
-0.073714 -0.022561
-0.000628 -0.076197
0.070546 -0.025951
0.047210 0.057150
-0.040715 0.057835
-0.067901 -0.021191
-0.000112 -0.070241
0.065074 -0.023450
0.043140 0.052732
-0.037686 0.052799
-0.062144 -0.019760
0.000328 -0.064319
0.059612 -0.021025
0.039144 0.048301
-0.034622 0.047836
-0.056444 -0.018268
0.000692 -0.058431
0.054158 -0.018675
0.035219 0.043855
-0.031523 0.042944
-0.050800 -0.016714
0.000980 -0.052575
0.048711 -0.016400
0.031363 0.039391
-0.028389 0.038121
-0.045207 -0.015099
0.001193 -0.046750
0.043269 -0.014197
0.027574 0.034908
-0.025219 0.033365
-0.039665 -0.013420
0.001329 -0.040950
0.037827 -0.012066
0.023847 0.030400
-0.022010 0.028672
-0.034169 -0.011677
0.001390 -0.035171
0.032382 -0.010004
0.020178 0.025860
-0.018759 0.024037
-0.028713 -0.009867
0.001374 -0.029405
0.026923 -0.008007
0.016559 0.021277
-0.015460 0.019453
-0.023286 -0.007983
0.001280 -0.023638
0.021437 -0.006072
0.012976 0.016631
-0.012103 0.014906
-0.017869 -0.006015
0.001105 -0.017841
0.015897 -0.004187
0.009407 0.011880
-0.008664 0.010365
-0.012426 -0.003938
0.000841 -0.011954
0.010242 -0.002329
0.005793 0.006917
