-0.000000 -1.000000
0.707107 -0.707107
1.000000 -0.000000
0.707107 0.707107
0.000000 1.000000
-0.707107 0.707107
-1.000000 0.000000
-0.707107 -0.707107
0.007071 -0.994005
0.707868 -0.697868
0.994005 0.007071
0.697868 0.707868
-0.007071 0.994005
-0.707868 0.697868
-0.994005 -0.007071
-0.697849 -0.707859
0.014057 -0.987919
0.708504 -0.688624
0.987919 0.014057
0.688624 0.708504
-0.014057 0.987919
-0.708504 0.688624
-0.987919 -0.014057
-0.688586 -0.708486
0.020956 -0.981741
0.709014 -0.679377
0.981741 0.020956
0.679377 0.709014
-0.020956 0.981741
-0.709014 0.679377
-0.981740 -0.020956
-0.679320 -0.708985
0.027767 -0.975472
0.709397 -0.670128
0.975472 0.027767
0.670128 0.709397
-0.027767 0.975472
-0.709397 0.670128
-0.975471 -0.027767
-0.670053 -0.709357
0.034489 -0.969113
0.709654 -0.660879
0.969113 0.034489
0.660879 0.709654
-0.034489 0.969113
-0.709654 0.660879
-0.969111 -0.034489
-0.660784 -0.709602
0.041121 -0.962664
0.709784 -0.651629
0.962664 0.041121
0.651629 0.709784
-0.041121 0.962664
-0.709783 0.651629
-0.962661 -0.041120
-0.651517 -0.709718
0.047662 -0.956127
0.709786 -0.642382
0.956127 0.047662
0.642382 0.709786
-0.047662 0.956127
-0.709785 0.642382
-0.956122 -0.047659
-0.642252 -0.709706
0.054109 -0.949501
0.709660 -0.633138
0.949501 0.054109
0.633138 0.709660
-0.054109 0.949501
-0.709659 0.633138
-0.949495 -0.054106
-0.632990 -0.709564
0.060462 -0.942788
0.709405 -0.623899
0.942788 0.060462
0.623899 0.709405
-0.060462 0.942788
-0.709405 0.623899
-0.942780 -0.060458
-0.623734 -0.709294
0.066720 -0.935988
0.709022 -0.614665
0.935988 0.066720
0.614665 0.709022
-0.066720 0.935988
-0.709021 0.614665
-0.935978 -0.066715
-0.614484 -0.708893
0.072881 -0.929102
0.708509 -0.605440
0.929102 0.072881
0.605440 0.708509
-0.072881 0.929102
-0.708509 0.605440
-0.929090 -0.072875
-0.605241 -0.708363
0.078945 -0.922131
0.707867 -0.596223
0.922131 0.078945
0.596223 0.707867
-0.078945 0.922131
-0.707866 0.596223
-0.922117 -0.078937
-0.596008 -0.707702
0.084909 -0.915075
0.707096 -0.587016
0.915075 0.084909
0.587016 0.707096
-0.084909 0.915075
-0.707094 0.587016
-0.915058 -0.084899
-0.586786 -0.706910
0.090773 -0.907936
0.706193 -0.577822
0.907936 0.090773
0.577822 0.706193
-0.090772 0.907936
-0.706192 0.577821
-0.907915 -0.090761
-0.577576 -0.705987
0.096535 -0.900713
0.705161 -0.568640
0.900713 0.096535
0.568640 0.705161
-0.096535 0.900713
-0.705159 0.568640
-0.900689 -0.096522
-0.568379 -0.704933
0.102194 -0.893408
0.703997 -0.559473
0.893408 0.102194
0.559473 0.703997
-0.102194 0.893408
-0.703995 0.559473
-0.893381 -0.102179
-0.559197 -0.703747
0.107749 -0.886022
0.702702 -0.550322
0.886022 0.107749
0.550322 0.702702
-0.107749 0.886022
-0.702699 0.550322
-0.885991 -0.107731
-0.550032 -0.702428
0.113199 -0.878555
0.701276 -0.541189
0.878555 0.113199
0.541189 0.701276
-0.113199 0.878555
-0.701272 0.541188
-0.878519 -0.113178
-0.540884 -0.700978
0.118542 -0.871009
0.699718 -0.532074
0.871009 0.118542
0.532074 0.699718
-0.118542 0.871008
-0.699713 0.532073
-0.870968 -0.118518
-0.531756 -0.699394
0.123777 -0.863383
0.698028 -0.522980
0.863383 0.123777
0.522980 0.698028
-0.123777 0.863383
-0.698022 0.522979
-0.863338 -0.123750
-0.522649 -0.697678
0.128903 -0.855679
0.696205 -0.513908
0.855679 0.128903
0.513908 0.696205
-0.128903 0.855679
-0.696199 0.513907
-0.855629 -0.128873
-0.513565 -0.695828
0.133919 -0.847899
0.694250 -0.504860
0.847899 0.133919
0.504860 0.694250
-0.133919 0.847898
-0.694243 0.504859
-0.847843 -0.133885
-0.504504 -0.693846
0.138823 -0.840042
0.692162 -0.495836
0.840042 0.138823
0.495836 0.692162
-0.138823 0.840041
-0.692153 0.495835
-0.839980 -0.138785
-0.495468 -0.691729
0.143614 -0.832109
0.689941 -0.486839
0.832109 0.143614
0.486839 0.689941
-0.143614 0.832108
-0.689931 0.486838
-0.832041 -0.143572
-0.486460 -0.689478
0.148292 -0.824102
0.687586 -0.477870
0.824102 0.148292
0.477870 0.687586
-0.148291 0.824101
-0.687575 0.477868
-0.824028 -0.148245
-0.477480 -0.687093
0.152854 -0.816022
0.685099 -0.468931
0.816022 0.152854
0.468931 0.685098
-0.152853 0.816021
-0.685086 0.468929
-0.815941 -0.152802
-0.468530 -0.684574
0.157299 -0.807869
0.682477 -0.460022
0.807869 0.157299
0.460022 0.682477
-0.157298 0.807868
-0.682462 0.460020
-0.807780 -0.157242
-0.459612 -0.681921
0.161627 -0.799644
0.679721 -0.451147
0.799644 0.161627
0.451147 0.679721
-0.161626 0.799643
-0.679705 0.451144
-0.799548 -0.161564
-0.450727 -0.679132
0.165835 -0.791349
0.676832 -0.442305
0.791349 0.165835
0.442305 0.676832
-0.165834 0.791347
-0.676813 0.442302
-0.791245 -0.165767
-0.441876 -0.676209
0.169924 -0.782984
0.673808 -0.433499
0.782984 0.169924
0.433499 0.673808
-0.169922 0.782982
-0.673787 0.433496
-0.782872 -0.169849
-0.433062 -0.673150
0.173891 -0.774551
0.670650 -0.424731
0.774551 0.173891
0.424731 0.670650
-0.173889 0.774549
-0.670627 0.424727
-0.774430 -0.173809
-0.424285 -0.669957
0.177735 -0.766050
0.667357 -0.416001
0.766050 0.177735
0.416001 0.667357
-0.177733 0.766047
-0.667331 0.415998
-0.765920 -0.177647
-0.415549 -0.666628
0.181456 -0.757482
0.663930 -0.407312
0.757482 0.181456
0.407312 0.663929
-0.181454 0.757479
-0.663901 0.407308
-0.757343 -0.181360
-0.406853 -0.663164
0.185052 -0.748849
0.660368 -0.398665
0.748849 0.185052
0.398665 0.660367
-0.185049 0.748846
-0.660336 0.398661
-0.748700 -0.184948
-0.398199 -0.659564
0.188521 -0.740152
0.656671 -0.390062
0.740152 0.188521
0.390062 0.656670
-0.188518 0.740148
-0.656636 0.390058
-0.739993 -0.188409
-0.389590 -0.655829
0.191863 -0.731391
0.652839 -0.381504
0.731391 0.191863
0.381504 0.652838
-0.191859 0.731387
-0.652800 0.381500
-0.731221 -0.191742
-0.381027 -0.651957
0.195076 -0.722568
0.648872 -0.372994
0.722568 0.195076
0.372994 0.648871
-0.195072 0.722563
-0.648830 0.372988
-0.722387 -0.194946
-0.372512 -0.647950
0.198159 -0.713684
0.644770 -0.364531
0.713684 0.198159
0.364531 0.644770
-0.198154 0.713678
-0.644724 0.364526
-0.713492 -0.198019
-0.364046 -0.643808
0.201111 -0.704740
0.640534 -0.356120
0.704740 0.201111
0.356119 0.640533
-0.201106 0.704734
-0.640483 0.356114
-0.704536 -0.200961
-0.355630 -0.639529
0.203931 -0.695737
0.636162 -0.347760
0.695737 0.203931
0.347759 0.636160
-0.203925 0.695730
-0.636106 0.347753
-0.695521 -0.203771
-0.347267 -0.635114
0.206618 -0.686677
0.631654 -0.339453
0.686677 0.206617
0.339453 0.631653
-0.206611 0.686669
-0.631594 0.339447
-0.686448 -0.206446
-0.338958 -0.630564
0.209169 -0.677560
0.627012 -0.331202
0.677560 0.209169
0.331202 0.627011
-0.209162 0.677551
-0.626947 0.331195
-0.677317 -0.208987
-0.330705 -0.625878
0.211586 -0.668388
0.622235 -0.323008
0.668387 0.211585
0.323008 0.622233
-0.211577 0.668378
-0.622164 0.323001
-0.668132 -0.211391
-0.322510 -0.621056
0.213865 -0.659161
0.617323 -0.314872
0.659161 0.213865
0.314872 0.617320
-0.213856 0.659150
-0.617245 0.314865
-0.658891 -0.213657
-0.314373 -0.616098
0.216006 -0.649882
0.612275 -0.306797
0.649882 0.216006
0.306797 0.612273
-0.215996 0.649870
-0.612192 0.306789
-0.649597 -0.215785
-0.306298 -0.611004
0.218007 -0.640551
0.607093 -0.298784
0.640551 0.218007
0.298783 0.607090
-0.217996 0.640538
-0.607003 0.298775
-0.640252 -0.217773
-0.298285 -0.605774
0.219869 -0.631170
0.601775 -0.290834
0.631170 0.219868
0.290834 0.601772
-0.219856 0.631156
-0.601678 0.290826
-0.630855 -0.219620
-0.290337 -0.600409
0.221588 -0.621740
0.596323 -0.282950
0.621740 0.221588
0.282950 0.596320
-0.221575 0.621724
-0.596219 0.282941
-0.621409 -0.221325
-0.282454 -0.594908
0.223165 -0.612262
0.590736 -0.275133
0.612262 0.223165
0.275133 0.590733
-0.223150 0.612245
-0.590624 0.275124
-0.611915 -0.222887
-0.274640 -0.589272
0.224598 -0.602738
0.585015 -0.267385
0.602738 0.224598
0.267385 0.585011
-0.224582 0.602719
-0.584894 0.267376
-0.602373 -0.224304
-0.266894 -0.583500
0.225886 -0.593169
0.579159 -0.259708
0.593168 0.225886
0.259708 0.579154
-0.225868 0.593148
-0.579030 0.259698
-0.592786 -0.225575
-0.259221 -0.577593
0.227028 -0.583556
0.573169 -0.252103
0.583555 0.227027
0.252103 0.573164
-0.227008 0.583533
-0.573030 0.252093
-0.583155 -0.226700
-0.251620 -0.571551
0.228022 -0.573900
0.567045 -0.244572
0.573899 0.228022
0.244572 0.567039
-0.228000 0.573875
-0.566896 0.244562
-0.573481 -0.227676
-0.244093 -0.565374
0.228868 -0.564203
0.560786 -0.237118
0.564203 0.228868
0.237117 0.560780
-0.228844 0.564176
-0.560628 0.237107
-0.563765 -0.228503
-0.236644 -0.559062
0.229565 -0.554467
0.554394 -0.229741
0.554466 0.229564
0.229740 0.554387
-0.229539 0.554438
-0.554225 0.229729
-0.554009 -0.229181
-0.229273 -0.552615
0.230111 -0.544693
0.547869 -0.222443
0.544692 0.230110
0.222443 0.547860
-0.230082 0.544661
-0.547688 0.222432
-0.544214 -0.229706
-0.221981 -0.546035
0.230505 -0.534881
0.541210 -0.215227
0.534880 0.230504
0.215226 0.541201
-0.230474 0.534847
-0.541017 0.215215
-0.534382 -0.230080
-0.214772 -0.539320
0.230746 -0.525035
0.534418 -0.208093
0.525034 0.230745
0.208093 0.534408
-0.230712 0.524998
-0.534213 0.208082
-0.524513 -0.230299
-0.207646 -0.532471
0.230833 -0.515154
0.527493 -0.201045
0.515153 0.230832
0.201045 0.527482
-0.230797 0.515114
-0.527275 0.201033
-0.514610 -0.230364
-0.200606 -0.525488
0.230766 -0.505241
0.520435 -0.194084
0.505240 0.230764
0.194083 0.520423
-0.230726 0.505198
-0.520204 0.194072
-0.504675 -0.230273
-0.193653 -0.518372
0.230542 -0.495298
0.513246 -0.187211
0.495296 0.230540
0.187210 0.513232
-0.230499 0.495251
-0.513000 0.187199
-0.494707 -0.230025
-0.186789 -0.511123
0.230161 -0.485324
0.505924 -0.180428
0.485322 0.230159
0.180427 0.505909
-0.230114 0.485274
-0.505663 0.180416
-0.484709 -0.229620
-0.180016 -0.503741
0.229621 -0.475323
0.498471 -0.173737
0.475321 0.229619
0.173737 0.498455
-0.229571 0.475269
-0.498194 0.173725
-0.474683 -0.229054
-0.173336 -0.496227
0.228923 -0.465296
0.490886 -0.167141
0.465293 0.228920
0.167141 0.490868
-0.228868 0.465237
-0.490593 0.167129
-0.464630 -0.228329
-0.166750 -0.488580
0.228064 -0.455244
0.483171 -0.160641
0.455241 0.228061
0.160640 0.483151
-0.228005 0.455181
-0.482860 0.160629
-0.454551 -0.227443
-0.160261 -0.480801
0.227043 -0.445168
0.475325 -0.154238
0.445165 0.227040
0.154237 0.475303
-0.226979 0.445101
-0.474996 0.154226
-0.444448 -0.226394
-0.153870 -0.472891
0.225860 -0.435072
0.467349 -0.147935
0.435068 0.225857
0.147934 0.467325
-0.225792 0.434999
-0.467001 0.147923
-0.434323 -0.225181
-0.147580 -0.464850
0.224514 -0.424955
0.459243 -0.141733
0.424951 0.224510
0.141733 0.459217
-0.224440 0.424877
-0.458875 0.141722
-0.424177 -0.223804
-0.141391 -0.456678
0.223003 -0.414820
0.451007 -0.135635
0.414815 0.222999
0.135635 0.450980
-0.222923 0.414737
-0.450620 0.135624
-0.414012 -0.222262
-0.135306 -0.448375
0.221326 -0.404668
0.442643 -0.129642
0.404663 0.221321
0.129642 0.442613
-0.221241 0.404579
-0.442234 0.129631
-0.403829 -0.220552
-0.129327 -0.439943
0.219483 -0.394501
0.434151 -0.123756
0.394496 0.219478
0.123756 0.434118
-0.219391 0.394406
-0.433719 0.123746
-0.393631 -0.218675
-0.123455 -0.431381
0.217472 -0.384321
0.425531 -0.117980
0.384315 0.217467
0.117980 0.425495
-0.217374 0.384220
-0.425075 0.117970
-0.383418 -0.216630
-0.117694 -0.422690
0.215293 -0.374130
0.416783 -0.112314
0.374123 0.215287
0.112314 0.416745
-0.215187 0.374021
-0.416302 0.112305
-0.373192 -0.214414
-0.112043 -0.413870
0.212944 -0.363928
0.407909 -0.106762
0.363921 0.212937
0.106762 0.407867
-0.212831 0.363813
-0.407402 0.106753
-0.362956 -0.212028
-0.106506 -0.404922
0.210425 -0.353719
0.398908 -0.101324
0.353711 0.210417
0.101324 0.398862
-0.210303 0.353595
-0.398374 0.101316
-0.352710 -0.209470
-0.101084 -0.395846
0.207734 -0.343503
0.389781 -0.096003
0.343495 0.207725
0.096003 0.389732
-0.207603 0.343371
-0.389219 0.095996
-0.342457 -0.206739
-0.095780 -0.386644
0.204870 -0.333283
0.380529 -0.090801
0.333274 0.204861
0.090802 0.380476
-0.204731 0.333142
-0.379937 0.090795
-0.332198 -0.203834
-0.090594 -0.377314
0.201833 -0.323060
0.371153 -0.085720
0.323050 0.201823
0.085720 0.371095
-0.201684 0.322910
-0.370530 0.085714
-0.321935 -0.200754
-0.085530 -0.367858
0.198622 -0.312836
0.361653 -0.080762
0.312825 0.198611
0.080762 0.361590
-0.198462 0.312677
-0.360997 0.080757
-0.311670 -0.197498
-0.080589 -0.358277
0.195235 -0.302614
0.352029 -0.075928
0.302601 0.195223
0.075928 0.351961
-0.195065 0.302444
-0.351339 0.075924
-0.301405 -0.194065
-0.075772 -0.348570
0.191672 -0.292394
0.342283 -0.071221
0.292380 0.191658
0.071222 0.342209
-0.191490 0.292213
-0.341557 0.071218
-0.291141 -0.190454
-0.071083 -0.338739
0.187932 -0.282179
0.332414 -0.066643
0.282164 0.187917
0.066643 0.332335
-0.187737 0.281986
-0.331652 0.066641
-0.280880 -0.186664
-0.066522 -0.328784
0.184014 -0.271971
0.322425 -0.062195
0.271954 0.183997
0.062196 0.322339
-0.183805 0.271765
-0.321623 0.062195
-0.270624 -0.182694
-0.062093 -0.318706
0.179916 -0.261771
0.312315 -0.057880
0.261753 0.179897
0.057882 0.312222
-0.179693 0.261552
-0.311471 0.057882
-0.260375 -0.178543
-0.057796 -0.308504
0.175639 -0.251582
0.302085 -0.053700
0.251562 0.175618
0.053702 0.301985
-0.175401 0.251349
-0.301198 0.053703
-0.250135 -0.174210
-0.053634 -0.298180
0.171180 -0.241406
0.291736 -0.049657
0.241384 0.171157
0.049659 0.291627
-0.170926 0.241158
-0.290804 0.049662
-0.239905 -0.169694
-0.049609 -0.287735
0.166540 -0.231244
0.281268 -0.045753
0.231220 0.166515
0.045755 0.281151
-0.166268 0.230980
-0.280289 0.045760
-0.229688 -0.164993
-0.045723 -0.277168
0.161717 -0.221099
0.270684 -0.041990
0.221073 0.161689
0.041993 0.270557
-0.161427 0.220818
-0.269654 0.041998
-0.219485 -0.160108
-0.041978 -0.266480
0.156710 -0.210973
0.259982 -0.038370
0.210944 0.156680
0.038373 0.259845
-0.156400 0.210674
-0.258900 0.038381
-0.209299 -0.155035
-0.038376 -0.255673
0.151519 -0.200868
0.249165 -0.034895
0.200836 0.151485
0.034899 0.249017
-0.151188 0.200549
-0.248026 0.034908
-0.199131 -0.149776
-0.034920 -0.244746
0.146142 -0.190786
0.238233 -0.031568
0.190751 0.146105
0.031572 0.238073
-0.145788 0.190446
-0.237035 0.031583
-0.188982 -0.144328
-0.031610 -0.233699
0.140579 -0.180729
0.227186 -0.028391
0.180691 0.140538
0.028395 0.227014
-0.140201 0.180366
-0.225927 0.028408
-0.178856 -0.138690
-0.028450 -0.222534
0.134828 -0.170699
0.216027 -0.025365
0.170657 0.134784
0.025370 0.215840
-0.134425 0.170312
-0.214701 0.025385
-0.168754 -0.132861
-0.025441 -0.211251
0.128890 -0.160699
0.204755 -0.022493
0.160653 0.128841
0.022499 0.204553
-0.128458 0.160286
-0.203359 0.022515
-0.158678 -0.126840
-0.022585 -0.199850
0.122762 -0.150731
0.193372 -0.019778
0.150681 0.122708
0.019784 0.193153
-0.122300 0.150290
-0.191901 0.019803
-0.148629 -0.120626
-0.019885 -0.188331
0.116444 -0.140798
0.181878 -0.017221
0.140742 0.116385
0.017228 0.181640
-0.115949 0.140326
-0.180328 0.017249
-0.138610 -0.114216
-0.017344 -0.176695
0.109936 -0.130901
0.170275 -0.014825
0.130839 0.109870
0.014833 0.170017
-0.109405 0.130395
-0.168640 0.014856
-0.128623 -0.107611
-0.014962 -0.164941
0.103235 -0.121043
0.158564 -0.012593
0.120975 0.103162
0.012601 0.158283
-0.102665 0.120501
-0.156837 0.012627
-0.118669 -0.100807
-0.012743 -0.153070
0.096341 -0.111227
0.146745 -0.010527
0.111151 0.096260
0.010536 0.146439
-0.095728 0.110645
-0.144919 0.010564
-0.108749 -0.093803
-0.010689 -0.141081
0.089253 -0.101455
0.134820 -0.008629
0.101370 0.089163
0.008639 0.134486
-0.088593 0.100829
-0.132887 0.008669
-0.098867 -0.086597
-0.008802 -0.128973
0.081970 -0.091730
0.122789 -0.006902
0.091635 0.081869
0.006913 0.122424
-0.081258 0.091055
-0.120739 0.006946
-0.089022 -0.079187
-0.007085 -0.116745
0.074491 -0.082055
0.110654 -0.005350
0.081949 0.074377
0.005362 0.110253
-0.073720 0.081324
-0.108475 0.005398
-0.079216 -0.071569
-0.005541 -0.104396
0.066813 -0.072432
0.098415 -0.003975
0.072313 0.066685
0.003988 0.097973
-0.065976 0.071639
-0.096093 0.004027
-0.069450 -0.063740
-0.004173 -0.091922
0.058936 -0.062866
0.086073 -0.002780
0.062730 0.058791
0.002795 0.085584
-0.058023 0.062001
-0.083591 0.002836
-0.059724 -0.055694
-0.002983 -0.079320
0.050858 -0.053358
0.073629 -0.001770
0.053203 0.050692
0.001786 0.073083
-0.049857 0.052409
-0.070964 0.001831
-0.050037 -0.047426
-0.001975 -0.066583
0.042575 -0.043914
0.061083 -0.000949
0.043734 0.042384
0.000967 0.060470
-0.041469 0.042865
-0.058204 0.001014
-0.040386 -0.038926
-0.001154 -0.053702
0.034085 -0.034536
0.048434 -0.000322
0.034325 0.033861
0.000341 0.047736
-0.032851 0.033365
-0.045300 0.000393
-0.030764 -0.030177
-0.000526 -0.040660
0.025382 -0.025231
0.035679 0.000104
0.024977 0.025113
-0.000081 0.034872
-0.023983 0.023902
-0.032225 -0.000025
-0.021156 -0.021155
-0.000097 -0.027429
0.016458 -0.016004
0.022813 0.000317
0.015688 0.016123
-0.000290 0.021851
-0.014828 0.014457
-0.018927 -0.000226
-0.011529 -0.011802
0.000116 -0.013952
